P 3
0.780101,-0.371671,0.14295
0.780101,-0.228721,0.142951
0.461526,-0.228721,0.142951
P 3
0.461526,-0.228721,0.142951
0.461526,-0.371671,0.142951
0.780101,-0.371671,0.14295
P 3
0.780101,-0.371671,-0.142951
0.780101,-0.228721,-0.14295
0.461526,-0.228721,-0.142951
P 3
0.461526,-0.228721,-0.142951
0.461526,-0.371671,-0.142951
0.780101,-0.371671,-0.142951
P 3
0.728313,-0.211077,-0.144258
0.151936,-0.145891,-0.081686
0.461526,-0.0885477,-0.0264663
P 3
0.461526,-0.0885477,-0.0264663
0.728313,-0.0808692,-0.0191145
0.728313,-0.211077,-0.144258
P 3
0.728313,-0.145891,-0.081686
0.728313,-0.211077,-0.144258
0.728313,-0.0808692,-0.0191145
P 3
0.728313,-0.145891,-0.081686
0.728313,-0.211077,-0.144258
0.461526,-0.0885476,-0.0264663
P 3
0.461526,-0.0885476,-0.0264663
0.728313,-0.0808692,-0.0191145
0.728313,-0.145891,-0.081686
P 3
0.728313,-0.145891,-0.081686
0.728313,-0.211077,-0.144258
0.151936,-0.145891,-0.081686
P 3
0.151936,-0.145891,-0.081686
0.728313,-0.0808692,-0.0191145
0.728313,-0.145891,-0.081686
P 3
0.728313,-0.145891,-0.081686
0.151936,-0.145891,-0.081686
0.461526,-0.0885477,-0.0264663
P 3
0.461526,-0.0885477,-0.0264663
0.728313,-0.0808692,-0.0191145
0.728313,-0.145891,-0.081686
P 3
0.728313,-0.145891,-0.081686
0.728313,-0.211077,-0.144258
0.151936,-0.145891,-0.081686
P 3
0.728313,-0.0808691,0.0191145
0.151936,-0.145891,0.081686
0.461526,-0.0885476,0.0264663
P 3
0.461526,-0.0885476,0.0264663
0.728313,-0.211077,0.144257
0.728313,-0.0808691,0.0191145
P 3
0.728312,-0.145891,0.081686
0.728313,-0.0808691,0.0191145
0.728313,-0.211077,0.144257
P 3
0.728312,-0.145891,0.081686
0.728313,-0.0808691,0.0191145
0.461526,-0.0885476,0.0264663
P 3
0.461526,-0.0885476,0.0264663
0.728313,-0.211077,0.144257
0.728312,-0.145891,0.081686
P 3
0.728312,-0.145891,0.081686
0.728313,-0.0808691,0.0191145
0.151936,-0.145891,0.081686
P 3
0.151936,-0.145891,0.081686
0.728313,-0.211077,0.144257
0.728312,-0.145891,0.081686
P 3
0.728312,-0.145891,0.081686
0.151936,-0.145891,0.081686
0.461526,-0.0885476,0.0264663
P 3
0.461526,-0.0885476,0.0264663
0.728313,-0.211077,0.144257
0.728312,-0.145891,0.081686
P 3
0.728312,-0.145891,0.081686
0.728313,-0.0808691,0.0191145
0.151936,-0.145891,0.081686
P 3
1.00343,0.340304,0
0.785493,-0.0857703,1.63372e-08
0.461526,-0.0857703,0
P 3
0.461526,-0.0857703,0
0.814083,0.340304,0
1.00343,0.340304,0
P 3
-0.42346,-0.33769,0.0209116
-0.419376,-0.33769,0
-0.419376,0.00310413,0
P 3
-0.419376,0.00310413,0
-0.42346,0.0031039,0.0209116
-0.42346,-0.33769,0.0209116
P 3
-0.435223,-0.33769,0.0385558
-0.42346,-0.33769,0.0209116
-0.42346,0.0031039,0.0209116
P 3
-0.42346,0.0031039,0.0209116
-0.435223,0.00310394,0.0385558
-0.435223,-0.33769,0.0385558
P 3
-0.452867,-0.33769,0.0503186
-0.435223,-0.33769,0.0385558
-0.435223,0.0031042,0.0385558
P 3
-0.435223,0.0031042,0.0385558
-0.452867,0.00310426,0.0503186
-0.452867,-0.33769,0.0503186
P 3
-0.473778,-0.33769,0.0544029
-0.452867,-0.33769,0.0503186
-0.452867,0.00310384,0.0503186
P 3
-0.452867,0.00310384,0.0503186
-0.473779,0.00310382,0.0544029
-0.473778,-0.33769,0.0544029
P 3
-0.49469,-0.33769,0.0503186
-0.473778,-0.33769,0.0544029
-0.473779,0.00310382,0.0544029
P 3
-0.473779,0.00310382,0.0544029
-0.49469,0.0031038,0.0503186
-0.49469,-0.33769,0.0503186
P 3
-0.512334,-0.33769,0.0385558
-0.49469,-0.33769,0.0503186
-0.49469,0.00310425,0.0503186
P 3
-0.49469,0.00310425,0.0503186
-0.512335,0.00310423,0.0385558
-0.512334,-0.33769,0.0385558
P 3
-0.524097,-0.33769,0.0209116
-0.512334,-0.33769,0.0385558
-0.512335,0.00310392,0.0385558
P 3
-0.512335,0.00310392,0.0385558
-0.524097,0.00310386,0.0209116
-0.524097,-0.33769,0.0209116
P 3
-0.528182,-0.33769,0
-0.524097,-0.33769,0.0209116
-0.524097,0.00310412,0.0209116
P 3
-0.524097,0.00310412,0.0209116
-0.528182,0.00310415,0
-0.528182,-0.33769,0
P 3
-0.524097,-0.33769,-0.0209116
-0.528182,-0.33769,0
-0.528182,0.00310392,0
P 3
-0.528182,0.00310392,0
-0.524097,0.00310419,-0.0209116
-0.524097,-0.33769,-0.0209116
P 3
-0.512334,-0.33769,-0.0385558
-0.524097,-0.33769,-0.0209116
-0.524097,0.00310394,-0.0209116
P 3
-0.524097,0.00310394,-0.0209116
-0.512335,0.00310392,-0.0385558
-0.512334,-0.33769,-0.0385558
P 3
-0.49469,-0.33769,-0.0503186
-0.512334,-0.33769,-0.0385558
-0.512335,0.00310419,-0.0385558
P 3
-0.512335,0.00310419,-0.0385558
-0.49469,0.00310419,-0.0503186
-0.49469,-0.33769,-0.0503186
P 3
-0.473779,-0.33769,-0.0544029
-0.49469,-0.33769,-0.0503186
-0.49469,0.0031038,-0.0503186
P 3
-0.49469,0.0031038,-0.0503186
-0.473779,0.00310386,-0.0544029
-0.473779,-0.33769,-0.0544029
P 3
-0.452867,-0.33769,-0.0503186
-0.473779,-0.33769,-0.0544029
-0.473779,0.00310386,-0.0544029
P 3
-0.473779,0.00310386,-0.0544029
-0.452867,0.00310379,-0.0503186
-0.452867,-0.33769,-0.0503186
P 3
-0.435223,-0.33769,-0.0385558
-0.452867,-0.33769,-0.0503186
-0.452867,0.00310426,-0.0503186
P 3
-0.452867,0.00310426,-0.0503186
-0.435223,0.0031042,-0.0385558
-0.435223,-0.33769,-0.0385558
P 3
-0.42346,-0.33769,-0.0209116
-0.435223,-0.33769,-0.0385558
-0.435223,0.00310392,-0.0385558
P 3
-0.435223,0.00310392,-0.0385558
-0.42346,0.00310387,-0.0209116
-0.42346,-0.33769,-0.0209116
P 3
-0.419376,-0.33769,0
-0.42346,-0.33769,-0.0209116
-0.42346,0.00310413,-0.0209116
P 3
-0.42346,0.00310413,-0.0209116
-0.419376,0.00310413,0
-0.419376,-0.33769,0
P 3
-0.53635,-0.230355,0.161248
-0.53635,-0.220879,0.150792
0.461526,-0.220879,0.150792
P 3
0.461526,-0.220879,0.150792
0.461526,-0.230355,0.161248
-0.53635,-0.230355,0.161248
P 3
-0.53635,-0.238686,0.172521
-0.53635,-0.230355,0.161248
0.461526,-0.230355,0.161248
P 3
0.461526,-0.230355,0.161248
0.461526,-0.238687,0.172521
-0.53635,-0.238686,0.172521
P 3
-0.53635,-0.245875,0.184447
-0.53635,-0.238686,0.172521
0.461526,-0.238687,0.172521
P 3
0.461526,-0.238687,0.172521
0.461526,-0.245875,0.184447
-0.53635,-0.245875,0.184447
P 3
-0.53635,-0.25192,0.19719
-0.53635,-0.245875,0.184447
0.461526,-0.245875,0.184447
P 3
0.461526,-0.245875,0.184447
0.461526,-0.25192,0.19719
-0.53635,-0.25192,0.19719
P 3
-0.53635,-0.256657,0.210423
-0.53635,-0.25192,0.19719
0.461526,-0.25192,0.19719
P 3
0.461526,-0.25192,0.19719
0.461526,-0.256657,0.210423
-0.53635,-0.256657,0.210423
P 3
-0.53635,-0.260088,0.223983
-0.53635,-0.256657,0.210423
0.461526,-0.256657,0.210423
P 3
0.461526,-0.256657,0.210423
0.461526,-0.260088,0.223983
-0.53635,-0.260088,0.223983
P 3
-0.53635,-0.262049,0.23787
-0.53635,-0.260088,0.223983
0.461526,-0.260088,0.223983
P 3
0.461526,-0.260088,0.223983
0.461526,-0.262049,0.23787
-0.53635,-0.262049,0.23787
P 3
-0.53635,-0.262702,0.25192
-0.53635,-0.262049,0.23787
0.461526,-0.262049,0.23787
P 3
0.461526,-0.262049,0.23787
0.461526,-0.262702,0.25192
-0.53635,-0.262702,0.25192
P 3
-0.53635,-0.262049,0.265806
-0.53635,-0.262702,0.25192
0.461526,-0.262702,0.25192
P 3
0.461526,-0.262702,0.25192
0.461526,-0.262049,0.265806
-0.53635,-0.262049,0.265806
P 3
-0.53635,-0.260088,0.279693
-0.53635,-0.262049,0.265806
0.461526,-0.262049,0.265806
P 3
0.461526,-0.262049,0.265806
0.461526,-0.260088,0.279693
-0.53635,-0.260088,0.279693
P 3
-0.53635,-0.256658,0.293416
-0.53635,-0.260088,0.279693
0.461526,-0.260088,0.279693
P 3
0.461526,-0.260088,0.279693
0.461526,-0.256658,0.293416
-0.53635,-0.256658,0.293416
P 3
-0.53635,-0.25192,0.306649
-0.53635,-0.256658,0.293416
0.461526,-0.256658,0.293416
P 3
0.461526,-0.256658,0.293416
0.461526,-0.25192,0.306649
-0.53635,-0.25192,0.306649
P 3
-0.53635,-0.245875,0.319229
-0.53635,-0.25192,0.306649
0.461526,-0.25192,0.306649
P 3
0.461526,-0.25192,0.306649
0.461526,-0.245875,0.319229
-0.53635,-0.245875,0.319229
P 3
-0.53635,-0.238687,0.331318
-0.53635,-0.245875,0.319229
0.461526,-0.245875,0.319229
P 3
0.461526,-0.245875,0.319229
0.461526,-0.238687,0.331318
-0.53635,-0.238687,0.331318
P 3
-0.53635,-0.230355,0.342591
-0.53635,-0.238687,0.331318
0.461526,-0.238687,0.331318
P 3
0.461526,-0.238687,0.331318
0.461526,-0.230355,0.342591
-0.53635,-0.230355,0.342591
P 3
-0.53635,-0.220879,0.352884
-0.53635,-0.230355,0.342591
0.461526,-0.230355,0.342591
P 3
0.461526,-0.230355,0.342591
0.461526,-0.220879,0.352884
-0.53635,-0.220879,0.352884
P 3
-0.53635,-0.230355,-0.342591
-0.53635,-0.220879,-0.352884
0.461526,-0.220879,-0.352884
P 3
0.461526,-0.220879,-0.352884
0.461526,-0.230355,-0.342591
-0.53635,-0.230355,-0.342591
P 3
-0.53635,-0.238687,-0.331318
-0.53635,-0.230355,-0.342591
0.461526,-0.230355,-0.342591
P 3
0.461526,-0.230355,-0.342591
0.461526,-0.238687,-0.331318
-0.53635,-0.238687,-0.331318
P 3
-0.53635,-0.245875,-0.319229
-0.53635,-0.238687,-0.331318
0.461526,-0.238687,-0.331318
P 3
0.461526,-0.238687,-0.331318
0.461526,-0.245875,-0.319229
-0.53635,-0.245875,-0.319229
P 3
-0.53635,-0.25192,-0.306649
-0.53635,-0.245875,-0.319229
0.461526,-0.245875,-0.319229
P 3
0.461526,-0.245875,-0.319229
0.461526,-0.25192,-0.306649
-0.53635,-0.25192,-0.306649
P 3
-0.53635,-0.256657,-0.293416
-0.53635,-0.25192,-0.306649
0.461526,-0.25192,-0.306649
P 3
0.461526,-0.25192,-0.306649
0.461526,-0.256657,-0.293416
-0.53635,-0.256657,-0.293416
P 3
-0.53635,-0.260088,-0.279693
-0.53635,-0.256657,-0.293416
0.461526,-0.256657,-0.293416
P 3
0.461526,-0.256657,-0.293416
0.461526,-0.260088,-0.279693
-0.53635,-0.260088,-0.279693
P 3
-0.53635,-0.262049,-0.265806
-0.53635,-0.260088,-0.279693
0.461526,-0.260088,-0.279693
P 3
0.461526,-0.260088,-0.279693
0.461526,-0.262049,-0.265806
-0.53635,-0.262049,-0.265806
P 3
-0.53635,-0.262702,-0.25192
-0.53635,-0.262049,-0.265806
0.461526,-0.262049,-0.265806
P 3
0.461526,-0.262049,-0.265806
0.461526,-0.262702,-0.25192
-0.53635,-0.262702,-0.25192
P 3
-0.53635,-0.262049,-0.23787
-0.53635,-0.262702,-0.25192
0.461526,-0.262702,-0.25192
P 3
0.461526,-0.262702,-0.25192
0.461526,-0.262049,-0.23787
-0.53635,-0.262049,-0.23787
P 3
-0.53635,-0.260088,-0.223983
-0.53635,-0.262049,-0.23787
0.461526,-0.262049,-0.23787
P 3
0.461526,-0.262049,-0.23787
0.461526,-0.260088,-0.223983
-0.53635,-0.260088,-0.223983
P 3
-0.53635,-0.256657,-0.210423
-0.53635,-0.260088,-0.223983
0.461526,-0.260088,-0.223983
P 3
0.461526,-0.260088,-0.223983
0.461526,-0.256657,-0.210423
-0.53635,-0.256657,-0.210423
P 3
-0.53635,-0.25192,-0.19719
-0.53635,-0.256657,-0.210423
0.461526,-0.256657,-0.210423
P 3
0.461526,-0.256657,-0.210423
0.461526,-0.25192,-0.19719
-0.53635,-0.25192,-0.19719
P 3
-0.53635,-0.245875,-0.184447
-0.53635,-0.25192,-0.19719
0.461526,-0.25192,-0.19719
P 3
0.461526,-0.25192,-0.19719
0.461526,-0.245875,-0.184447
-0.53635,-0.245875,-0.184447
P 3
-0.53635,-0.238687,-0.172521
-0.53635,-0.245875,-0.184447
0.461526,-0.245875,-0.184447
P 3
0.461526,-0.245875,-0.184447
0.461526,-0.238687,-0.172521
-0.53635,-0.238687,-0.172521
P 3
-0.53635,-0.230355,-0.161248
-0.53635,-0.238687,-0.172521
0.461526,-0.238687,-0.172521
P 3
0.461526,-0.238687,-0.172521
0.461526,-0.230355,-0.161248
-0.53635,-0.230355,-0.161248
P 3
-0.53635,-0.220879,-0.150792
-0.53635,-0.230355,-0.161248
0.461526,-0.230355,-0.161248
P 3
0.461526,-0.230355,-0.161248
0.461526,-0.220879,-0.150792
-0.53635,-0.220879,-0.150792
P 3
0.0158471,-0.371671,0.256004
0.383924,-0.371671,0.637151
0.383924,-0.371671,-0.637151
P 3
0.383924,-0.371671,-0.637151
0.0158471,-0.371671,-0.256004
0.0158471,-0.371671,0.256004
P 3
-0.53635,-0.371672,0.142951
0.0158471,-0.371671,0.256004
0.0158471,-0.371671,-0.256004
P 3
0.0158471,-0.371671,-0.256004
-0.53635,-0.371671,-0.142951
-0.53635,-0.371672,0.142951
P 3
0.383924,-0.371671,-0.637151
0.383924,-0.371671,-0.14295
0.653488,-0.371671,-0.14295
P 3
0.653488,-0.371671,-0.14295
0.563634,-0.371671,-0.637151
0.383924,-0.371671,-0.637151
P 3
0.383924,-0.371671,-0.637151
0.383924,-0.371671,-0.14295
0.653488,-0.371671,-0.14295
P 3
0.653488,-0.371671,-0.14295
0.563634,-0.371671,-0.637151
0.383924,-0.371671,-0.637151
P 3
0.0158471,-0.371671,-0.14295
0.383924,-0.371671,-0.14295
0.383924,-0.371671,-0.637151
P 3
0.383924,-0.371671,-0.637151
0.0158471,-0.371671,-0.256004
0.0158471,-0.371671,-0.14295
P 3
-0.53635,-0.371671,-0.142951
0.0158471,-0.371671,-0.142951
0.0158471,-0.371671,-0.256004
P 3
0.0158471,-0.371671,-0.256004
-0.53635,-0.371671,-0.144257
-0.53635,-0.371671,-0.142951
P 3
0.563633,-0.371671,0.637151
0.653488,-0.371671,0.14295
0.383924,-0.371671,0.14295
P 3
0.383924,-0.371671,0.14295
0.383924,-0.371671,0.637151
0.563633,-0.371671,0.637151
P 3
0.563633,-0.371671,0.637151
0.653488,-0.371671,0.14295
0.383924,-0.371671,0.14295
P 3
0.383924,-0.371671,0.14295
0.383924,-0.371671,0.637151
0.563633,-0.371671,0.637151
P 3
0.0158471,-0.371671,0.256004
0.383924,-0.371671,0.637151
0.383924,-0.371671,0.14295
P 3
0.383924,-0.371671,0.14295
0.0158469,-0.371671,0.14295
0.0158471,-0.371671,0.256004
P 3
-0.53635,-0.371671,0.144258
0.0158471,-0.371671,0.256004
0.0158471,-0.371671,0.142951
P 3
0.0158471,-0.371671,0.142951
-0.53635,-0.371672,0.14295
-0.53635,-0.371671,0.144258
P 3
-0.53635,-0.256658,-0.140173
-0.53635,-0.228721,-0.142951
0.461526,-0.228721,-0.142951
P 3
0.461526,-0.228721,-0.142951
0.461526,-0.256658,-0.140173
-0.53635,-0.256658,-0.140173
P 3
-0.53635,-0.28345,-0.132005
-0.53635,-0.256658,-0.140173
0.461526,-0.256658,-0.140173
P 3
0.461526,-0.256658,-0.140173
0.461526,-0.283451,-0.132005
-0.53635,-0.28345,-0.132005
P 3
-0.53635,-0.30812,-0.118935
-0.53635,-0.28345,-0.132005
0.461526,-0.283451,-0.132005
P 3
0.461526,-0.283451,-0.132005
0.461527,-0.30812,-0.118935
-0.53635,-0.30812,-0.118935
P 3
-0.53635,-0.329848,-0.101127
-0.53635,-0.30812,-0.118935
0.461527,-0.30812,-0.118935
P 3
0.461527,-0.30812,-0.118935
0.461526,-0.329848,-0.101127
-0.53635,-0.329848,-0.101127
P 3
-0.53635,-0.347656,-0.0793988
-0.53635,-0.329848,-0.101127
0.461526,-0.329848,-0.101127
P 3
0.461526,-0.329848,-0.101127
0.461526,-0.347656,-0.0793988
-0.53635,-0.347656,-0.0793988
P 3
-0.53635,-0.360725,-0.0547296
-0.53635,-0.347656,-0.0793988
0.461526,-0.347656,-0.0793988
P 3
0.461526,-0.347656,-0.0793988
0.461526,-0.360725,-0.0547296
-0.53635,-0.360725,-0.0547296
P 3
-0.53635,-0.368894,-0.0279366
-0.53635,-0.360725,-0.0547296
0.461526,-0.360725,-0.0547296
P 3
0.461526,-0.360725,-0.0547296
0.461526,-0.368894,-0.0279366
-0.53635,-0.368894,-0.0279366
P 3
-0.53635,-0.371671,0
-0.53635,-0.368894,-0.0279366
0.461526,-0.368894,-0.0279366
P 3
0.461526,-0.368894,-0.0279366
0.461526,-0.371671,0
-0.53635,-0.371671,0
P 3
-0.53635,-0.368894,0.0279366
-0.53635,-0.371671,0
0.461526,-0.371671,0
P 3
0.461526,-0.371671,0
0.461526,-0.368894,0.0279366
-0.53635,-0.368894,0.0279366
P 3
-0.53635,-0.360725,0.0547296
-0.53635,-0.368894,0.0279366
0.461526,-0.368894,0.0279366
P 3
0.461526,-0.368894,0.0279366
0.461526,-0.360725,0.0547296
-0.53635,-0.360725,0.0547296
P 3
-0.53635,-0.347656,0.0793988
-0.53635,-0.360725,0.0547296
0.461526,-0.360725,0.0547296
P 3
0.461526,-0.360725,0.0547296
0.461526,-0.347656,0.0793988
-0.53635,-0.347656,0.0793988
P 3
-0.53635,-0.329848,0.101127
-0.53635,-0.347656,0.0793988
0.461526,-0.347656,0.0793988
P 3
0.461526,-0.347656,0.0793988
0.461526,-0.329848,0.101127
-0.53635,-0.329848,0.101127
P 3
-0.53635,-0.30812,0.118935
-0.53635,-0.329848,0.101127
0.461526,-0.329848,0.101127
P 3
0.461526,-0.329848,0.101127
0.461526,-0.30812,0.118935
-0.53635,-0.30812,0.118935
P 3
-0.53635,-0.28345,0.132005
-0.53635,-0.30812,0.118935
0.461526,-0.30812,0.118935
P 3
0.461526,-0.30812,0.118935
0.461526,-0.28345,0.132005
-0.53635,-0.28345,0.132005
P 3
-0.53635,-0.256657,0.140173
-0.53635,-0.28345,0.132005
0.461526,-0.28345,0.132005
P 3
0.461526,-0.28345,0.132005
0.461526,-0.256657,0.140173
-0.53635,-0.256657,0.140173
P 3
-0.53635,-0.228721,0.142951
-0.53635,-0.256657,0.140173
0.461526,-0.256657,0.140173
P 3
0.461526,-0.256657,0.140173
0.461526,-0.228721,0.142951
-0.53635,-0.228721,0.142951
P 3
-0.53635,-0.256658,-0.140173
-0.53635,-0.228721,-0.142951
0.461526,-0.228721,-0.142951
P 3
0.461526,-0.228721,-0.142951
0.461526,-0.256658,-0.140173
-0.53635,-0.256658,-0.140173
P 3
-0.53635,-0.28345,-0.132005
-0.53635,-0.256658,-0.140173
0.461526,-0.256658,-0.140173
P 3
0.461526,-0.256658,-0.140173
0.461526,-0.283451,-0.132005
-0.53635,-0.28345,-0.132005
P 3
-0.53635,-0.30812,-0.118935
-0.53635,-0.28345,-0.132005
0.461526,-0.283451,-0.132005
P 3
0.461526,-0.283451,-0.132005
0.461527,-0.30812,-0.118935
-0.53635,-0.30812,-0.118935
P 3
-0.53635,-0.329848,-0.101127
-0.53635,-0.30812,-0.118935
0.461527,-0.30812,-0.118935
P 3
0.461527,-0.30812,-0.118935
0.461526,-0.329848,-0.101127
-0.53635,-0.329848,-0.101127
P 3
-0.53635,-0.347656,-0.0793988
-0.53635,-0.329848,-0.101127
0.461526,-0.329848,-0.101127
P 3
0.461526,-0.329848,-0.101127
0.461526,-0.347656,-0.0793988
-0.53635,-0.347656,-0.0793988
P 3
-0.53635,-0.360725,-0.0547296
-0.53635,-0.347656,-0.0793988
0.461526,-0.347656,-0.0793988
P 3
0.461526,-0.347656,-0.0793988
0.461526,-0.360725,-0.0547296
-0.53635,-0.360725,-0.0547296
P 3
-0.53635,-0.368894,-0.0279366
-0.53635,-0.360725,-0.0547296
0.461526,-0.360725,-0.0547296
P 3
0.461526,-0.360725,-0.0547296
0.461526,-0.368894,-0.0279366
-0.53635,-0.368894,-0.0279366
P 3
-0.53635,-0.371671,0
-0.53635,-0.368894,-0.0279366
0.461526,-0.368894,-0.0279366
P 3
0.461526,-0.368894,-0.0279366
0.461526,-0.371671,0
-0.53635,-0.371671,0
P 3
-0.53635,-0.368894,0.0279366
-0.53635,-0.371671,0
0.461526,-0.371671,0
P 3
0.461526,-0.371671,0
0.461526,-0.368894,0.0279366
-0.53635,-0.368894,0.0279366
P 3
-0.53635,-0.360725,0.0547296
-0.53635,-0.368894,0.0279366
0.461526,-0.368894,0.0279366
P 3
0.461526,-0.368894,0.0279366
0.461526,-0.360725,0.0547296
-0.53635,-0.360725,0.0547296
P 3
-0.53635,-0.347656,0.0793988
-0.53635,-0.360725,0.0547296
0.461526,-0.360725,0.0547296
P 3
0.461526,-0.360725,0.0547296
0.461526,-0.347656,0.0793988
-0.53635,-0.347656,0.0793988
P 3
-0.53635,-0.329848,0.101127
-0.53635,-0.347656,0.0793988
0.461526,-0.347656,0.0793988
P 3
0.461526,-0.347656,0.0793988
0.461526,-0.329848,0.101127
-0.53635,-0.329848,0.101127
P 3
-0.53635,-0.30812,0.118935
-0.53635,-0.329848,0.101127
0.461526,-0.329848,0.101127
P 3
0.461526,-0.329848,0.101127
0.461526,-0.30812,0.118935
-0.53635,-0.30812,0.118935
P 3
-0.53635,-0.28345,0.132005
-0.53635,-0.30812,0.118935
0.461526,-0.30812,0.118935
P 3
0.461526,-0.30812,0.118935
0.461526,-0.28345,0.132005
-0.53635,-0.28345,0.132005
P 3
-0.53635,-0.256657,0.140173
-0.53635,-0.28345,0.132005
0.461526,-0.28345,0.132005
P 3
0.461526,-0.28345,0.132005
0.461526,-0.256657,0.140173
-0.53635,-0.256657,0.140173
P 3
-0.53635,-0.228721,0.142951
-0.53635,-0.256657,0.140173
0.461526,-0.256657,0.140173
P 3
0.461526,-0.256657,0.140173
0.461526,-0.228721,0.142951
-0.53635,-0.228721,0.142951
P 3
0.461526,-0.228721,-0.142951
0.461526,-0.173991,-0.132005
0.461526,-0.228721,4.90116e-08
P 3
0.461526,-0.173991,-0.132004
0.461526,-0.127594,-0.101127
0.461526,-0.228721,6.53488e-08
P 3
0.461526,-0.127594,-0.101127
0.461526,-0.0967163,-0.0547296
0.461526,-0.228721,4.90116e-08
P 3
0.461526,-0.0967162,-0.0547296
0.461526,-0.0857703,-3.26744e-08
0.461526,-0.228721,1.63372e-08
P 3
0.461526,-0.0857703,3.26744e-08
0.461526,-0.0967162,0.0547296
0.461526,-0.228721,-1.63372e-08
P 3
0.461526,-0.0967163,0.0547296
0.461526,-0.127594,0.101127
0.461526,-0.228721,-1.63372e-08
P 3
0.461526,-0.127594,0.101127
0.461526,-0.173991,0.132004
0.461526,-0.228721,-6.53488e-08
P 3
0.461526,-0.173991,0.132005
0.461526,-0.228721,0.142951
0.461526,-0.228721,-4.90116e-08
P 3
0.461526,-0.228721,0.142951
0.461526,-0.28345,0.132005
0.461526,-0.228721,-4.90116e-08
P 3
0.461526,-0.28345,0.132005
0.461526,-0.329848,0.101127
0.461526,-0.228721,-4.90116e-08
P 3
0.461526,-0.329848,0.101127
0.461526,-0.360725,0.0547296
0.461526,-0.228721,-3.26744e-08
P 3
0.461526,-0.360725,0.0547296
0.461526,-0.371672,3.26744e-08
0.461526,-0.228721,-1.63372e-08
P 3
0.461526,-0.371672,-3.26744e-08
0.461526,-0.360725,-0.0547296
0.461526,-0.228721,1.63372e-08
P 3
0.461526,-0.360725,-0.0547296
0.461526,-0.329848,-0.101127
0.461526,-0.228721,1.63372e-08
P 3
0.461526,-0.329848,-0.101127
0.461526,-0.28345,-0.132005
0.461526,-0.228721,4.90116e-08
P 3
0.461526,-0.283451,-0.132005
0.461526,-0.228721,-0.142951
0.461526,-0.228721,4.90116e-08
P 3
-0.721614,-0.112727,0.0230354
-0.721614,-0.110439,0
-0.533736,-0.0857704,0
P 3
-0.533736,-0.0857704,0
-0.533736,-0.0885476,0.0279366
-0.721614,-0.112727,0.0230354
P 3
-0.721614,-0.119425,0.045254
-0.721614,-0.112727,0.0230354
-0.533736,-0.0885477,0.0279366
P 3
-0.533736,-0.0885477,0.0279366
-0.533736,-0.0967162,0.0547296
-0.721614,-0.119425,0.045254
P 3
-0.721614,-0.130371,0.0656755
-0.721614,-0.119425,0.045254
-0.533736,-0.0967163,0.0547296
P 3
-0.533736,-0.0967163,0.0547296
-0.533736,-0.109786,0.0793988
-0.721614,-0.130371,0.0656755
P 3
-0.721614,-0.145074,0.0836465
-0.721614,-0.130371,0.0656755
-0.533736,-0.109786,0.0793988
P 3
-0.533736,-0.109786,0.0793988
-0.533736,-0.127594,0.101127
-0.721614,-0.145074,0.0836465
P 3
-0.721614,-0.163045,0.0983499
-0.721614,-0.145074,0.0836465
-0.533736,-0.127594,0.101127
P 3
-0.533736,-0.127594,0.101127
-0.533736,-0.149322,0.118935
-0.721614,-0.163045,0.0983499
P 3
-0.721614,-0.183467,0.109296
-0.721614,-0.163045,0.0983499
-0.533736,-0.149322,0.118935
P 3
-0.533736,-0.149322,0.118935
-0.533736,-0.173991,0.132005
-0.721614,-0.183467,0.109296
P 3
-0.721614,-0.205685,0.115994
-0.721614,-0.183467,0.109296
-0.533736,-0.173991,0.132005
P 3
-0.533736,-0.173991,0.132005
-0.533736,-0.200784,0.140173
-0.721614,-0.205685,0.115994
P 3
-0.721614,-0.228721,0.118281
-0.721614,-0.205685,0.115994
-0.533736,-0.200784,0.140173
P 3
-0.533736,-0.200784,0.140173
-0.533736,-0.228721,0.142951
-0.721614,-0.228721,0.118281
P 3
-0.721614,-0.251756,0.115994
-0.721614,-0.228721,0.118281
-0.533736,-0.228721,0.142951
P 3
-0.533736,-0.228721,0.142951
-0.533736,-0.256657,0.140173
-0.721614,-0.251756,0.115994
P 3
-0.721614,-0.273975,0.109296
-0.721614,-0.251756,0.115994
-0.533736,-0.256657,0.140173
P 3
-0.533736,-0.256657,0.140173
-0.533736,-0.28345,0.132005
-0.721614,-0.273975,0.109296
P 3
-0.721614,-0.294396,0.0983499
-0.721614,-0.273975,0.109296
-0.533736,-0.28345,0.132005
P 3
-0.533736,-0.28345,0.132005
-0.533736,-0.30812,0.118935
-0.721614,-0.294396,0.0983499
P 3
-0.721614,-0.312367,0.0836465
-0.721614,-0.294396,0.0983499
-0.533736,-0.30812,0.118935
P 3
-0.533736,-0.30812,0.118935
-0.533736,-0.329848,0.101127
-0.721614,-0.312367,0.0836465
P 3
-0.721614,-0.327071,0.0656755
-0.721614,-0.312367,0.0836465
-0.533736,-0.329848,0.101127
P 3
-0.533736,-0.329848,0.101127
-0.533736,-0.347656,0.0793988
-0.721614,-0.327071,0.0656755
P 3
-0.721614,-0.338017,0.0452541
-0.721614,-0.327071,0.0656755
-0.533736,-0.347656,0.0793988
P 3
-0.533736,-0.347656,0.0793988
-0.533736,-0.360725,0.0547296
-0.721614,-0.338017,0.0452541
P 3
-0.721614,-0.344715,0.0230354
-0.721614,-0.338017,0.045254
-0.533736,-0.360725,0.0547296
P 3
-0.533736,-0.360725,0.0547296
-0.533736,-0.368894,0.0279366
-0.721614,-0.344715,0.0230354
P 3
-0.721614,-0.347002,0
-0.721614,-0.344715,0.0230354
-0.533736,-0.368894,0.0279366
P 3
-0.533736,-0.368894,0.0279366
-0.533736,-0.371671,0
-0.721614,-0.347002,0
P 3
-0.721614,-0.344715,-0.0230354
-0.721614,-0.347002,0
-0.533736,-0.371671,0
P 3
-0.533736,-0.371671,0
-0.533736,-0.368894,-0.0279366
-0.721614,-0.344715,-0.0230354
P 3
-0.721614,-0.338017,-0.045254
-0.721614,-0.344715,-0.0230354
-0.533736,-0.368894,-0.0279366
P 3
-0.533736,-0.368894,-0.0279366
-0.533736,-0.360725,-0.0547296
-0.721614,-0.338017,-0.045254
P 3
-0.721614,-0.327071,-0.0656755
-0.721614,-0.338017,-0.0452541
-0.533736,-0.360725,-0.0547296
P 3
-0.533736,-0.360725,-0.0547296
-0.533736,-0.347656,-0.0793988
-0.721614,-0.327071,-0.0656755
P 3
-0.721614,-0.312367,-0.0836465
-0.721614,-0.327071,-0.0656755
-0.533736,-0.347656,-0.0793988
P 3
-0.533736,-0.347656,-0.0793988
-0.533736,-0.329848,-0.101127
-0.721614,-0.312367,-0.0836465
P 3
-0.721614,-0.294396,-0.09835
-0.721614,-0.312367,-0.0836465
-0.533736,-0.329848,-0.101127
P 3
-0.533736,-0.329848,-0.101127
-0.533736,-0.30812,-0.118935
-0.721614,-0.294396,-0.09835
P 3
-0.721614,-0.273975,-0.109296
-0.721614,-0.294396,-0.09835
-0.533736,-0.30812,-0.118935
P 3
-0.533736,-0.30812,-0.118935
-0.533736,-0.28345,-0.132005
-0.721614,-0.273975,-0.109296
P 3
-0.721614,-0.251756,-0.115994
-0.721614,-0.273975,-0.109296
-0.533736,-0.28345,-0.132005
P 3
-0.533736,-0.28345,-0.132005
-0.533736,-0.256658,-0.140173
-0.721614,-0.251756,-0.115994
P 3
-0.721614,-0.228721,-0.118281
-0.721614,-0.251756,-0.115994
-0.533736,-0.256658,-0.140173
P 3
-0.533736,-0.256658,-0.140173
-0.533736,-0.228721,-0.142951
-0.721614,-0.228721,-0.118281
P 3
-0.721614,-0.205685,-0.115994
-0.721614,-0.228721,-0.118281
-0.533736,-0.228721,-0.142951
P 3
-0.533736,-0.228721,-0.142951
-0.533736,-0.200784,-0.140173
-0.721614,-0.205685,-0.115994
P 3
-0.721614,-0.183467,-0.109296
-0.721614,-0.205685,-0.115994
-0.533736,-0.200784,-0.140173
P 3
-0.533736,-0.200784,-0.140173
-0.533736,-0.173991,-0.132005
-0.721614,-0.183467,-0.109296
P 3
-0.721614,-0.163045,-0.0983499
-0.721614,-0.183467,-0.109296
-0.533736,-0.173991,-0.132005
P 3
-0.533736,-0.173991,-0.132005
-0.533736,-0.149322,-0.118935
-0.721614,-0.163045,-0.0983499
P 3
-0.721614,-0.145074,-0.0836465
-0.721614,-0.163045,-0.09835
-0.533736,-0.149322,-0.118935
P 3
-0.533736,-0.149322,-0.118935
-0.533736,-0.127594,-0.101127
-0.721614,-0.145074,-0.0836465
P 3
-0.721614,-0.130371,-0.0656755
-0.721614,-0.145074,-0.0836465
-0.533736,-0.127594,-0.101127
P 3
-0.533736,-0.127594,-0.101127
-0.533736,-0.109786,-0.0793988
-0.721614,-0.130371,-0.0656755
P 3
-0.721614,-0.119425,-0.045254
-0.721614,-0.130371,-0.0656755
-0.533736,-0.109786,-0.0793988
P 3
-0.533736,-0.109786,-0.0793988
-0.533736,-0.0967163,-0.0547296
-0.721614,-0.119425,-0.045254
P 3
-0.721614,-0.112727,-0.0230354
-0.721614,-0.119425,-0.045254
-0.533736,-0.0967163,-0.0547296
P 3
-0.533736,-0.0967163,-0.0547296
-0.533736,-0.0885477,-0.0279366
-0.721614,-0.112727,-0.0230354
P 3
-0.721614,-0.110439,0
-0.721614,-0.112727,-0.0230354
-0.533736,-0.0885477,-0.0279366
P 3
-0.533736,-0.0885477,-0.0279366
-0.533736,-0.0857704,0
-0.721614,-0.110439,0
P 3
-0.778794,-0.187061,-0.100637
-0.778794,-0.228721,-0.108969
-0.724228,-0.228721,-0.121712
P 3
-0.724228,-0.228721,-0.121712
-0.724228,-0.18216,-0.112563
-0.778794,-0.187061,-0.100637
P 3
-0.778794,-0.151773,-0.0769482
-0.778794,-0.187061,-0.100637
-0.724228,-0.18216,-0.112563
P 3
-0.724228,-0.18216,-0.112563
-0.724228,-0.142624,-0.086097
-0.778794,-0.151773,-0.0769482
P 3
-0.778794,-0.128084,-0.0416599
-0.778794,-0.151773,-0.0769482
-0.724228,-0.142624,-0.086097
P 3
-0.724228,-0.142624,-0.086097
-0.724228,-0.116158,-0.046561
-0.778794,-0.128084,-0.0416599
P 3
-0.778794,-0.119752,0
-0.778794,-0.128084,-0.0416599
-0.724228,-0.116157,-0.046561
P 3
-0.724228,-0.116157,-0.046561
-0.724228,-0.107009,0
-0.778794,-0.119752,0
P 3
-0.778794,-0.128084,0.0416599
-0.778794,-0.119752,-1.63372e-08
-0.724228,-0.107009,1.63372e-08
P 3
-0.724228,-0.107009,1.63372e-08
-0.724228,-0.116157,0.046561
-0.778794,-0.128084,0.0416599
P 3
-0.778794,-0.151773,0.0769482
-0.778794,-0.128084,0.0416598
-0.724228,-0.116157,0.046561
P 3
-0.724228,-0.116157,0.046561
-0.724228,-0.142624,0.086097
-0.778794,-0.151773,0.0769482
P 3
-0.778794,-0.187061,0.100637
-0.778794,-0.151773,0.0769482
-0.724228,-0.142624,0.086097
P 3
-0.724228,-0.142624,0.086097
-0.724228,-0.18216,0.112563
-0.778794,-0.187061,0.100637
P 3
-0.778794,-0.228721,0.108969
-0.778794,-0.187061,0.100637
-0.724228,-0.18216,0.112563
P 3
-0.724228,-0.18216,0.112563
-0.724228,-0.228721,0.121712
-0.778794,-0.228721,0.108969
P 3
-0.778794,-0.270381,0.100637
-0.778794,-0.228721,0.108969
-0.724228,-0.228721,0.121712
P 3
-0.724228,-0.228721,0.121712
-0.724228,-0.275282,0.112563
-0.778794,-0.270381,0.100637
P 3
-0.778794,-0.305669,0.0769482
-0.778794,-0.270381,0.100637
-0.724228,-0.275282,0.112563
P 3
-0.724228,-0.275282,0.112563
-0.724228,-0.314818,0.086097
-0.778794,-0.305669,0.0769482
P 3
-0.778794,-0.329358,0.0416599
-0.778794,-0.305669,0.0769482
-0.724228,-0.314818,0.086097
P 3
-0.724228,-0.314818,0.086097
-0.724228,-0.341284,0.046561
-0.778794,-0.329358,0.0416599
P 3
-0.778794,-0.33769,0
-0.778794,-0.329358,0.0416599
-0.724228,-0.341284,0.046561
P 3
-0.724228,-0.341284,0.046561
-0.724228,-0.350433,0
-0.778794,-0.33769,0
P 3
-0.778794,-0.329358,-0.0416599
-0.778794,-0.33769,0
-0.724228,-0.350433,-1.63372e-08
P 3
-0.724228,-0.350433,-1.63372e-08
-0.724228,-0.341284,-0.046561
-0.778794,-0.329358,-0.0416599
P 3
-0.778794,-0.305669,-0.0769482
-0.778794,-0.329358,-0.0416599
-0.724228,-0.341284,-0.046561
P 3
-0.724228,-0.341284,-0.046561
-0.724228,-0.314818,-0.086097
-0.778794,-0.305669,-0.0769482
P 3
-0.778794,-0.270381,-0.100637
-0.778794,-0.305669,-0.0769482
-0.724228,-0.314818,-0.086097
P 3
-0.724228,-0.314818,-0.086097
-0.724228,-0.275282,-0.112563
-0.778794,-0.270381,-0.100637
P 3
-0.778794,-0.228721,-0.108969
-0.778794,-0.270381,-0.100637
-0.724228,-0.275282,-0.112563
P 3
-0.724228,-0.275282,-0.112563
-0.724228,-0.228721,-0.121712
-0.778794,-0.228721,-0.108969
P 3
-0.833197,-0.192616,-0.0870773
-0.833197,-0.228721,-0.0942656
-0.778794,-0.228721,-0.108969
P 3
-0.778794,-0.228721,-0.108969
-0.778794,-0.187061,-0.100637
-0.833197,-0.192616,-0.0870773
P 3
-0.833197,-0.162065,-0.0666558
-0.833197,-0.192616,-0.0870773
-0.778794,-0.187061,-0.100637
P 3
-0.778794,-0.187061,-0.100637
-0.778794,-0.151773,-0.0769482
-0.833197,-0.162065,-0.0666558
P 3
-0.833197,-0.141644,-0.0361052
-0.833197,-0.162065,-0.0666557
-0.778794,-0.151773,-0.0769482
P 3
-0.778794,-0.151773,-0.0769482
-0.778794,-0.128084,-0.0416599
-0.833197,-0.141644,-0.0361052
P 3
-0.833197,-0.134455,0
-0.833197,-0.141644,-0.0361052
-0.778794,-0.128084,-0.0416599
P 3
-0.778794,-0.128084,-0.0416599
-0.778794,-0.119752,0
-0.833197,-0.134455,0
P 3
-0.833197,-0.141644,0.0361052
-0.833197,-0.134455,0
-0.778794,-0.119752,-1.63372e-08
P 3
-0.778794,-0.119752,-1.63372e-08
-0.778794,-0.128084,0.0416598
-0.833197,-0.141644,0.0361052
P 3
-0.833197,-0.162065,0.0666558
-0.833197,-0.141644,0.0361052
-0.778794,-0.128084,0.0416599
P 3
-0.778794,-0.128084,0.0416599
-0.778794,-0.151773,0.0769482
-0.833197,-0.162065,0.0666558
P 3
-0.833197,-0.192616,0.0870773
-0.833197,-0.162065,0.0666558
-0.778794,-0.151773,0.0769482
P 3
-0.778794,-0.151773,0.0769482
-0.778794,-0.187061,0.100637
-0.833197,-0.192616,0.0870773
P 3
-0.833197,-0.228721,0.0942656
-0.833197,-0.192616,0.0870773
-0.778794,-0.187061,0.100637
P 3
-0.778794,-0.187061,0.100637
-0.778794,-0.228721,0.108969
-0.833197,-0.228721,0.0942656
P 3
-0.833197,-0.264826,0.0870773
-0.833197,-0.228721,0.0942656
-0.778794,-0.228721,0.108969
P 3
-0.778794,-0.228721,0.108969
-0.778794,-0.270381,0.100637
-0.833197,-0.264826,0.0870773
P 3
-0.833197,-0.295377,0.0666558
-0.833197,-0.264826,0.0870773
-0.778794,-0.270381,0.100637
P 3
-0.778794,-0.270381,0.100637
-0.778794,-0.305669,0.0769482
-0.833197,-0.295377,0.0666558
P 3
-0.833197,-0.315798,0.0361052
-0.833197,-0.295377,0.0666557
-0.778794,-0.305669,0.0769482
P 3
-0.778794,-0.305669,0.0769482
-0.778794,-0.329358,0.0416599
-0.833197,-0.315798,0.0361052
P 3
-0.833197,-0.322987,0
-0.833197,-0.315798,0.0361052
-0.778794,-0.329358,0.0416599
P 3
-0.778794,-0.329358,0.0416599
-0.778794,-0.33769,-1.63372e-08
-0.833197,-0.322987,0
P 3
-0.833197,-0.315798,-0.0361052
-0.833197,-0.322987,0
-0.778794,-0.33769,0
P 3
-0.778794,-0.33769,0
-0.778794,-0.329358,-0.0416599
-0.833197,-0.315798,-0.0361052
P 3
-0.833197,-0.295376,-0.0666557
-0.833197,-0.315798,-0.0361052
-0.778794,-0.329358,-0.0416599
P 3
-0.778794,-0.329358,-0.0416599
-0.778794,-0.305669,-0.0769482
-0.833197,-0.295376,-0.0666557
P 3
-0.833197,-0.264826,-0.0870773
-0.833197,-0.295376,-0.0666558
-0.778794,-0.305669,-0.0769482
P 3
-0.778794,-0.305669,-0.0769482
-0.778794,-0.270381,-0.100637
-0.833197,-0.264826,-0.0870773
P 3
-0.833197,-0.228721,-0.0942656
-0.833197,-0.264826,-0.0870773
-0.778794,-0.270381,-0.100637
P 3
-0.778794,-0.270381,-0.100637
-0.778794,-0.228721,-0.108969
-0.833197,-0.228721,-0.0942656
P 3
-0.8876,-0.199314,-0.0712302
-0.8876,-0.228721,-0.0769482
-0.833197,-0.228721,-0.0942656
P 3
-0.833197,-0.228721,-0.0942656
-0.833197,-0.192616,-0.0870773
-0.8876,-0.199314,-0.0712302
P 3
-0.8876,-0.174318,-0.0544029
-0.8876,-0.199314,-0.0712302
-0.833197,-0.192616,-0.0870772
P 3
-0.833197,-0.192616,-0.0870772
-0.833197,-0.162065,-0.0666558
-0.8876,-0.174318,-0.0544029
P 3
-0.8876,-0.157491,-0.0294069
-0.8876,-0.174318,-0.0544029
-0.833197,-0.162065,-0.0666557
P 3
-0.833197,-0.162065,-0.0666557
-0.833197,-0.141644,-0.0361052
-0.8876,-0.157491,-0.0294069
P 3
-0.8876,-0.151773,0
-0.8876,-0.157491,-0.029407
-0.833197,-0.141644,-0.0361052
P 3
-0.833197,-0.141644,-0.0361052
-0.833197,-0.134455,-1.63372e-08
-0.8876,-0.151773,0
P 3
-0.8876,-0.157491,0.029407
-0.8876,-0.151773,-1.63372e-08
-0.833197,-0.134455,1.63372e-08
P 3
-0.833197,-0.134455,1.63372e-08
-0.833197,-0.141644,0.0361052
-0.8876,-0.157491,0.029407
P 3
-0.8876,-0.174318,0.0544029
-0.8876,-0.157491,0.0294069
-0.833197,-0.141644,0.0361052
P 3
-0.833197,-0.141644,0.0361052
-0.833197,-0.162065,0.0666558
-0.8876,-0.174318,0.0544029
P 3
-0.8876,-0.199314,0.0712302
-0.8876,-0.174318,0.0544029
-0.833197,-0.162065,0.0666558
P 3
-0.833197,-0.162065,0.0666558
-0.833197,-0.192616,0.0870773
-0.8876,-0.199314,0.0712302
P 3
-0.8876,-0.228721,0.0769482
-0.8876,-0.199314,0.0712302
-0.833197,-0.192616,0.0870773
P 3
-0.833197,-0.192616,0.0870773
-0.833197,-0.228721,0.0942656
-0.8876,-0.228721,0.0769482
P 3
-0.8876,-0.258128,0.0712302
-0.8876,-0.228721,0.0769482
-0.833197,-0.228721,0.0942656
P 3
-0.833197,-0.228721,0.0942656
-0.833197,-0.264826,0.0870773
-0.8876,-0.258128,0.0712302
P 3
-0.8876,-0.283124,0.0544029
-0.8876,-0.258128,0.0712302
-0.833197,-0.264826,0.0870773
P 3
-0.833197,-0.264826,0.0870773
-0.833197,-0.295377,0.0666558
-0.8876,-0.283124,0.0544029
P 3
-0.8876,-0.299951,0.0294069
-0.8876,-0.283124,0.0544029
-0.833197,-0.295377,0.0666557
P 3
-0.833197,-0.295377,0.0666557
-0.833197,-0.315798,0.0361052
-0.8876,-0.299951,0.0294069
P 3
-0.8876,-0.305669,-1.63372e-08
-0.8876,-0.299951,0.029407
-0.833197,-0.315798,0.0361052
P 3
-0.833197,-0.315798,0.0361052
-0.833197,-0.322987,1.63372e-08
-0.8876,-0.305669,-1.63372e-08
P 3
-0.8876,-0.299951,-0.029407
-0.8876,-0.305669,1.63372e-08
-0.833197,-0.322987,-1.63372e-08
P 3
-0.833197,-0.322987,-1.63372e-08
-0.833197,-0.315798,-0.0361052
-0.8876,-0.299951,-0.029407
P 3
-0.8876,-0.283124,-0.0544029
-0.8876,-0.299951,-0.0294069
-0.833197,-0.315798,-0.0361052
P 3
-0.833197,-0.315798,-0.0361052
-0.833197,-0.295376,-0.0666557
-0.8876,-0.283124,-0.0544029
P 3
-0.8876,-0.258128,-0.0712302
-0.8876,-0.283124,-0.0544029
-0.833197,-0.295376,-0.0666557
P 3
-0.833197,-0.295376,-0.0666557
-0.833197,-0.264826,-0.0870773
-0.8876,-0.258128,-0.0712302
P 3
-0.8876,-0.228721,-0.0769482
-0.8876,-0.258128,-0.0712302
-0.833197,-0.264826,-0.0870773
P 3
-0.833197,-0.264826,-0.0870773
-0.833197,-0.228721,-0.0942656
-0.8876,-0.228721,-0.0769482
P 3
-0.942166,-0.207809,-0.0503186
-0.942166,-0.228721,-0.0544029
-0.8876,-0.228721,-0.0769482
P 3
-0.8876,-0.228721,-0.0769482
-0.8876,-0.199314,-0.0712302
-0.942166,-0.207809,-0.0503186
P 3
-0.942166,-0.190165,-0.0385558
-0.942166,-0.207809,-0.0503186
-0.8876,-0.199314,-0.0712302
P 3
-0.8876,-0.199314,-0.0712302
-0.8876,-0.174318,-0.0544029
-0.942166,-0.190165,-0.0385558
P 3
-0.942166,-0.178402,-0.0209116
-0.942166,-0.190165,-0.0385558
-0.8876,-0.174318,-0.0544029
P 3
-0.8876,-0.174318,-0.0544029
-0.8876,-0.157491,-0.029407
-0.942166,-0.178402,-0.0209116
P 3
-0.942166,-0.174318,1.63372e-08
-0.942166,-0.178402,-0.0209116
-0.8876,-0.157491,-0.029407
P 3
-0.8876,-0.157491,-0.029407
-0.8876,-0.151773,0
-0.942166,-0.174318,1.63372e-08
P 3
-0.942166,-0.178402,0.0209116
-0.942166,-0.174318,-1.63372e-08
-0.8876,-0.151773,0
P 3
-0.8876,-0.151773,0
-0.8876,-0.157491,0.029407
-0.942166,-0.178402,0.0209116
P 3
-0.942166,-0.190165,0.0385558
-0.942166,-0.178402,0.0209116
-0.8876,-0.157491,0.029407
P 3
-0.8876,-0.157491,0.029407
-0.8876,-0.174318,0.0544029
-0.942166,-0.190165,0.0385558
P 3
-0.942166,-0.207809,0.0503186
-0.942166,-0.190165,0.0385558
-0.8876,-0.174318,0.0544029
P 3
-0.8876,-0.174318,0.0544029
-0.8876,-0.199314,0.0712302
-0.942166,-0.207809,0.0503186
P 3
-0.942166,-0.228721,0.0544029
-0.942166,-0.207809,0.0503186
-0.8876,-0.199314,0.0712302
P 3
-0.8876,-0.199314,0.0712302
-0.8876,-0.228721,0.0769482
-0.942166,-0.228721,0.0544029
P 3
-0.942166,-0.249633,0.0503186
-0.942166,-0.228721,0.0544029
-0.8876,-0.228721,0.0769482
P 3
-0.8876,-0.228721,0.0769482
-0.8876,-0.258128,0.0712302
-0.942166,-0.249633,0.0503186
P 3
-0.942166,-0.267277,0.0385558
-0.942166,-0.249633,0.0503186
-0.8876,-0.258128,0.0712302
P 3
-0.8876,-0.258128,0.0712302
-0.8876,-0.283124,0.0544029
-0.942166,-0.267277,0.0385558
P 3
-0.942166,-0.279039,0.0209116
-0.942166,-0.267277,0.0385558
-0.8876,-0.283124,0.0544029
P 3
-0.8876,-0.283124,0.0544029
-0.8876,-0.299951,0.029407
-0.942166,-0.279039,0.0209116
P 3
-0.942166,-0.283124,-1.63372e-08
-0.942166,-0.279039,0.0209116
-0.8876,-0.299951,0.029407
P 3
-0.8876,-0.299951,0.029407
-0.8876,-0.305669,0
-0.942166,-0.283124,-1.63372e-08
P 3
-0.942166,-0.279039,-0.0209116
-0.942166,-0.283124,1.63372e-08
-0.8876,-0.305669,0
P 3
-0.8876,-0.305669,0
-0.8876,-0.299951,-0.029407
-0.942166,-0.279039,-0.0209116
P 3
-0.942166,-0.267277,-0.0385558
-0.942166,-0.279039,-0.0209116
-0.8876,-0.299951,-0.029407
P 3
-0.8876,-0.299951,-0.029407
-0.8876,-0.283124,-0.0544029
-0.942166,-0.267277,-0.0385558
P 3
-0.942166,-0.249633,-0.0503186
-0.942166,-0.267277,-0.0385558
-0.8876,-0.283124,-0.0544029
P 3
-0.8876,-0.283124,-0.0544029
-0.8876,-0.258128,-0.0712302
-0.942166,-0.249633,-0.0503186
P 3
-0.942166,-0.228721,-0.0544029
-0.942166,-0.249633,-0.0503186
-0.8876,-0.258128,-0.0712302
P 3
-0.8876,-0.258128,-0.0712302
-0.8876,-0.228721,-0.0769482
-0.942166,-0.228721,-0.0544029
P 3
-0.942166,-0.228721,-0.0544029
-0.942166,-0.207809,-0.0503185
-0.996569,-0.228721,-3.26744e-08
P 3
-0.942166,-0.207809,-0.0503186
-0.942166,-0.190165,-0.0385558
-0.996569,-0.228721,-1.63372e-08
P 3
-0.942166,-0.190165,-0.0385558
-0.942166,-0.178402,-0.0209116
-0.996569,-0.228721,0
P 3
-0.942166,-0.178402,-0.0209116
-0.942166,-0.174318,1.63372e-08
-0.996569,-0.228721,0
P 3
-0.942166,-0.174318,-1.63372e-08
-0.942166,-0.178402,0.0209116
-0.996569,-0.228721,1.63372e-08
P 3
-0.942166,-0.178402,0.0209116
-0.942166,-0.190165,0.0385558
-0.996569,-0.228721,0
P 3
-0.942166,-0.190165,0.0385558
-0.942166,-0.207809,0.0503186
-0.996569,-0.228721,1.63372e-08
P 3
-0.942166,-0.207809,0.0503186
-0.942166,-0.228721,0.0544029
-0.996569,-0.228721,3.26744e-08
P 3
-0.942166,-0.228721,0.0544029
-0.942166,-0.249633,0.0503185
-0.996569,-0.228721,3.26744e-08
P 3
-0.942166,-0.249633,0.0503186
-0.942166,-0.267277,0.0385558
-0.996569,-0.228721,1.63372e-08
P 3
-0.942166,-0.267277,0.0385558
-0.942166,-0.279039,0.0209116
-0.996569,-0.228721,0
P 3
-0.942166,-0.279039,0.0209116
-0.942166,-0.283124,-1.63372e-08
-0.996569,-0.228721,0
P 3
-0.942166,-0.283124,1.63372e-08
-0.942166,-0.27904,-0.0209116
-0.996569,-0.228721,-1.63372e-08
P 3
-0.942166,-0.27904,-0.0209116
-0.942166,-0.267277,-0.0385558
-0.996569,-0.228721,-1.63372e-08
P 3
-0.942166,-0.267277,-0.0385558
-0.942166,-0.249633,-0.0503186
-0.996569,-0.228721,-1.63372e-08
P 3
-0.942166,-0.249633,-0.0503186
-0.942166,-0.228721,-0.0544029
-0.996569,-0.228721,-3.26744e-08
P 3
-0.53635,-0.228721,-0.142951
-0.53635,-0.173991,-0.132005
-0.53635,-0.228721,4.90116e-08
P 3
-0.53635,-0.173991,-0.132005
-0.53635,-0.127594,-0.101127
-0.53635,-0.228721,6.53488e-08
P 3
-0.53635,-0.127594,-0.101127
-0.53635,-0.0967164,-0.0547296
-0.53635,-0.228721,3.26744e-08
P 3
-0.53635,-0.0967163,-0.0547296
-0.53635,-0.0857704,1.63372e-08
-0.53635,-0.228721,0
P 3
-0.53635,-0.0857702,3.26744e-08
-0.53635,-0.0967163,0.0547296
-0.53635,-0.228721,-1.63372e-08
P 3
-0.53635,-0.0967164,0.0547296
-0.53635,-0.127594,0.101127
-0.53635,-0.228721,-1.63372e-08
P 3
-0.53635,-0.127594,0.101127
-0.53635,-0.173991,0.132004
-0.53635,-0.228721,-6.53488e-08
P 3
-0.53635,-0.173991,0.132005
-0.53635,-0.228721,0.142951
-0.53635,-0.228721,-4.90116e-08
P 3
-0.53635,-0.228721,0.142951
-0.53635,-0.28345,0.132005
-0.53635,-0.228721,-4.90116e-08
P 3
-0.53635,-0.28345,0.132004
-0.53635,-0.329848,0.101127
-0.53635,-0.228721,-4.90116e-08
P 3
-0.53635,-0.329848,0.101127
-0.53635,-0.360725,0.0547296
-0.53635,-0.228721,-3.26744e-08
P 3
-0.53635,-0.360725,0.0547296
-0.53635,-0.371671,-3.26744e-08
-0.53635,-0.228721,-1.63372e-08
P 3
-0.53635,-0.371672,-3.26744e-08
-0.53635,-0.360725,-0.0547296
-0.53635,-0.228721,1.63372e-08
P 3
-0.53635,-0.360725,-0.0547296
-0.53635,-0.329848,-0.101127
-0.53635,-0.228721,1.63372e-08
P 3
-0.53635,-0.329848,-0.101127
-0.53635,-0.28345,-0.132005
-0.53635,-0.228721,4.90116e-08
P 3
-0.53635,-0.28345,-0.132005
-0.53635,-0.228721,-0.142951
-0.53635,-0.228721,4.90116e-08
