P 3
-0.444444,0.240741,-0.864198
-0.290123,0,-0.95679
-0.524691,0,-0.851852
P 3
-0.154321,0.253086,-0.950617
-0.290123,0,-0.95679
-0.444444,0.240741,-0.864198
P 3
-0.154321,0.253086,-0.950617
0,0,-1
-0.290123,0,-0.95679
P 3
-0.302469,0.5,-0.808642
-0.154321,0.253086,-0.950617
-0.444444,0.240741,-0.864198
P 3
0,0.524691,-0.851852
-0.154321,0.253086,-0.950617
-0.302469,0.5,-0.808642
P 3
0.160494,0.265432,-0.950617
-0.154321,0.253086,-0.950617
0,0.524691,-0.851852
P 3
0.160494,0.265432,-0.950617
0,0,-1
-0.154321,0.253086,-0.950617
P 3
0.308642,0.5,-0.808642
0.160494,0.265432,-0.950617
0,0.524691,-0.851852
P 3
0.160494,0.265432,-0.950617
0.296296,0,-0.95679
0,0,-1
P 3
0.444444,0.234568,-0.864198
0.296296,0,-0.95679
0.160494,0.265432,-0.950617
P 3
0.444444,0.234568,-0.864198
0.530864,0,-0.845679
0.296296,0,-0.95679
P 3
0.308642,0.5,-0.808642
0.444444,0.234568,-0.864198
0.160494,0.265432,-0.950617
P 3
-0.141975,0.716049,-0.679012
0,0.524691,-0.851852
-0.302469,0.5,-0.808642
P 3
0.148148,0.716049,-0.679012
0,0.524691,-0.851852
-0.141975,0.716049,-0.679012
P 3
0.148148,0.716049,-0.679012
0.308642,0.5,-0.808642
0,0.524691,-0.851852
P 3
0,0.851852,-0.524691
0.148148,0.716049,-0.679012
-0.141975,0.716049,-0.679012
P 3
0.444444,0.234568,-0.864198
0.685185,0.141975,-0.716049
0.530864,0,-0.845679
P 3
0.592593,0.419753,-0.685185
0.685185,0.141975,-0.716049
0.444444,0.234568,-0.864198
P 3
0.592593,0.419753,-0.685185
0.808642,0.302469,-0.5
0.685185,0.141975,-0.716049
P 3
0.308642,0.5,-0.808642
0.592593,0.419753,-0.685185
0.444444,0.234568,-0.864198
P 3
0.425926,0.691358,-0.58642
0.592593,0.419753,-0.685185
0.308642,0.5,-0.808642
P 3
0.685185,0.592593,-0.419753
0.592593,0.419753,-0.685185
0.425926,0.691358,-0.58642
P 3
0.685185,0.592593,-0.419753
0.808642,0.302469,-0.5
0.592593,0.419753,-0.685185
P 3
0.5,0.808642,-0.302469
0.685185,0.592593,-0.419753
0.425926,0.691358,-0.58642
P 3
0.685185,0.592593,-0.419753
0.864198,0.438272,-0.234568
0.808642,0.302469,-0.5
P 3
0.716049,0.685185,-0.141975
0.864198,0.438272,-0.234568
0.685185,0.592593,-0.419753
P 3
0.716049,0.685185,-0.141975
0.851852,0.524691,0
0.864198,0.438272,-0.234568
P 3
0.5,0.808642,-0.302469
0.716049,0.685185,-0.141975
0.685185,0.592593,-0.419753
P 3
0.148148,0.716049,-0.679012
0.425926,0.691358,-0.58642
0.308642,0.5,-0.808642
P 3
0.234568,0.864198,-0.438272
0.425926,0.691358,-0.58642
0.148148,0.716049,-0.679012
P 3
0.234568,0.864198,-0.438272
0.5,0.808642,-0.302469
0.425926,0.691358,-0.58642
P 3
0,0.851852,-0.524691
0.234568,0.864198,-0.438272
0.148148,0.716049,-0.679012
P 3
0.716049,0.685185,-0.141975
0.716049,0.679012,0.148148
0.851852,0.524691,0
P 3
0.530864,0.845679,0
0.716049,0.679012,0.148148
0.716049,0.685185,-0.141975
P 3
0.530864,0.845679,0
0.506173,0.802469,0.308642
0.716049,0.679012,0.148148
P 3
0.5,0.808642,-0.302469
0.530864,0.845679,0
0.716049,0.685185,-0.141975
P 3
0.259259,0.950617,-0.154321
0.530864,0.845679,0
0.5,0.808642,-0.302469
P 3
0.259259,0.950617,0.160494
0.530864,0.845679,0
0.259259,0.950617,-0.154321
P 3
0.259259,0.950617,0.160494
0.506173,0.802469,0.308642
0.530864,0.845679,0
P 3
0,1,0
0.259259,0.950617,0.160494
0.259259,0.950617,-0.154321
P 3
0.259259,0.950617,0.160494
0.240741,0.858025,0.444444
0.506173,0.802469,0.308642
P 3
0,0.95679,0.296296
0.240741,0.858025,0.444444
0.259259,0.950617,0.160494
P 3
0,0.95679,0.296296
0,0.845679,0.530864
0.240741,0.858025,0.444444
P 3
0,1,0
0,0.95679,0.296296
0.259259,0.950617,0.160494
P 3
0.234568,0.864198,-0.438272
0.259259,0.950617,-0.154321
0.5,0.808642,-0.302469
P 3
0,0.95679,-0.290123
0.259259,0.950617,-0.154321
0.234568,0.864198,-0.438272
P 3
0,0.95679,-0.290123
0,1,0
0.259259,0.950617,-0.154321
P 3
0,0.851852,-0.524691
0,0.95679,-0.290123
0.234568,0.864198,-0.438272
P 3
0,0.95679,0.296296
-0.228395,0.864198,0.444444
0,0.845679,0.530864
P 3
-0.253086,0.950617,0.160494
-0.228395,0.864198,0.444444
0,0.95679,0.296296
P 3
-0.253086,0.950617,0.160494
-0.493827,0.814815,0.308642
-0.228395,0.864198,0.444444
P 3
0,1,0
-0.253086,0.950617,0.160494
0,0.95679,0.296296
P 3
-0.253086,0.95679,-0.154321
-0.253086,0.950617,0.160494
0,1,0
P 3
-0.518519,0.858025,0
-0.253086,0.950617,0.160494
-0.253086,0.95679,-0.154321
P 3
-0.518519,0.858025,0
-0.493827,0.814815,0.308642
-0.253086,0.950617,0.160494
P 3
-0.493827,0.814815,-0.302469
-0.518519,0.858025,0
-0.253086,0.95679,-0.154321
P 3
-0.518519,0.858025,0
-0.709877,0.685185,0.148148
-0.493827,0.814815,0.308642
P 3
-0.709877,0.685185,-0.141975
-0.709877,0.685185,0.148148
-0.518519,0.858025,0
P 3
-0.709877,0.685185,-0.141975
-0.851852,0.524691,0
-0.709877,0.685185,0.148148
P 3
-0.493827,0.814815,-0.302469
-0.709877,0.685185,-0.141975
-0.518519,0.858025,0
P 3
0,0.95679,-0.290123
-0.253086,0.95679,-0.154321
0,1,0
P 3
-0.228395,0.864198,-0.438272
-0.253086,0.95679,-0.154321
0,0.95679,-0.290123
P 3
-0.228395,0.864198,-0.438272
-0.493827,0.814815,-0.302469
-0.253086,0.95679,-0.154321
P 3
0,0.851852,-0.524691
-0.228395,0.864198,-0.438272
0,0.95679,-0.290123
P 3
-0.709877,0.685185,-0.141975
-0.864198,0.444444,-0.228395
-0.851852,0.524691,0
P 3
-0.691358,0.58642,-0.419753
-0.864198,0.444444,-0.228395
-0.709877,0.685185,-0.141975
P 3
-0.691358,0.58642,-0.419753
-0.814815,0.308642,-0.493827
-0.864198,0.444444,-0.228395
P 3
-0.493827,0.814815,-0.302469
-0.691358,0.58642,-0.419753
-0.709877,0.685185,-0.141975
P 3
-0.419753,0.691358,-0.58642
-0.691358,0.58642,-0.419753
-0.493827,0.814815,-0.302469
P 3
-0.58642,0.425926,-0.685185
-0.691358,0.58642,-0.419753
-0.419753,0.691358,-0.58642
P 3
-0.58642,0.425926,-0.685185
-0.814815,0.308642,-0.493827
-0.691358,0.58642,-0.419753
P 3
-0.302469,0.5,-0.808642
-0.58642,0.425926,-0.685185
-0.419753,0.691358,-0.58642
P 3
-0.58642,0.425926,-0.685185
-0.685185,0.141975,-0.709877
-0.814815,0.308642,-0.493827
P 3
-0.444444,0.240741,-0.864198
-0.685185,0.141975,-0.709877
-0.58642,0.425926,-0.685185
P 3
-0.444444,0.240741,-0.864198
-0.524691,0,-0.851852
-0.685185,0.141975,-0.709877
P 3
-0.302469,0.5,-0.808642
-0.444444,0.240741,-0.864198
-0.58642,0.425926,-0.685185
P 3
-0.228395,0.864198,-0.438272
-0.419753,0.691358,-0.58642
-0.493827,0.814815,-0.302469
P 3
-0.141975,0.716049,-0.679012
-0.419753,0.691358,-0.58642
-0.228395,0.864198,-0.438272
P 3
-0.141975,0.716049,-0.679012
-0.302469,0.5,-0.808642
-0.419753,0.691358,-0.58642
P 3
0,0.851852,-0.524691
-0.141975,0.716049,-0.679012
-0.228395,0.864198,-0.438272
P 3
-1,0,0
-0.950617,-0.160494,-0.253086
-0.95679,-0.296296,0
P 3
-0.950617,-0.160494,-0.253086
-0.808642,-0.308642,-0.5
-0.858025,-0.444444,-0.234568
P 3
-0.950617,-0.160494,-0.253086
-0.858025,-0.444444,-0.234568
-0.95679,-0.296296,0
P 3
-0.95679,-0.296296,0
-0.858025,-0.444444,-0.234568
-0.845679,-0.524691,0
P 3
-0.814815,0.308642,-0.493827
-0.851852,0,-0.518519
-0.950617,0.154321,-0.253086
P 3
-0.851852,0,-0.518519
-0.808642,-0.308642,-0.5
-0.950617,-0.160494,-0.253086
P 3
-0.851852,0,-0.518519
-0.950617,-0.160494,-0.253086
-0.950617,0.154321,-0.253086
P 3
-0.950617,0.154321,-0.253086
-0.950617,-0.160494,-0.253086
-1,0,0
P 3
-0.814815,0.308642,-0.493827
-0.685185,0.141975,-0.709877
-0.851852,0,-0.518519
P 3
-0.685185,0.141975,-0.709877
-0.524691,0,-0.851852
-0.679012,-0.148148,-0.716049
P 3
-0.685185,0.141975,-0.709877
-0.679012,-0.148148,-0.716049
-0.851852,0,-0.518519
P 3
-0.851852,0,-0.518519
-0.679012,-0.148148,-0.716049
-0.808642,-0.308642,-0.5
P 3
-0.851852,0.524691,0
-0.864198,0.444444,-0.228395
-0.95679,0.290123,0
P 3
-0.864198,0.444444,-0.228395
-0.814815,0.308642,-0.493827
-0.950617,0.154321,-0.253086
P 3
-0.864198,0.444444,-0.228395
-0.950617,0.154321,-0.253086
-0.95679,0.290123,0
P 3
-0.95679,0.290123,0
-0.950617,0.154321,-0.253086
-1,0,0
P 3
-0.808642,-0.308642,-0.5
-0.685185,-0.58642,-0.425926
-0.858025,-0.444444,-0.234568
P 3
-0.685185,-0.58642,-0.425926
-0.5,-0.808642,-0.302469
-0.716049,-0.685185,-0.141975
P 3
-0.685185,-0.58642,-0.425926
-0.716049,-0.685185,-0.141975
-0.858025,-0.444444,-0.234568
P 3
-0.858025,-0.444444,-0.234568
-0.716049,-0.685185,-0.141975
-0.845679,-0.524691,0
P 3
-0.302469,-0.493827,-0.808642
-0.419753,-0.685185,-0.592593
-0.580247,-0.425926,-0.691358
P 3
-0.419753,-0.685185,-0.592593
-0.5,-0.808642,-0.302469
-0.685185,-0.58642,-0.425926
P 3
-0.419753,-0.685185,-0.592593
-0.685185,-0.58642,-0.425926
-0.580247,-0.425926,-0.691358
P 3
-0.580247,-0.425926,-0.691358
-0.685185,-0.58642,-0.425926
-0.808642,-0.308642,-0.5
P 3
-0.302469,-0.493827,-0.808642
-0.141975,-0.709877,-0.685185
-0.419753,-0.685185,-0.592593
P 3
-0.141975,-0.709877,-0.685185
0,-0.851852,-0.524691
-0.228395,-0.864198,-0.438272
P 3
-0.141975,-0.709877,-0.685185
-0.228395,-0.864198,-0.438272
-0.419753,-0.685185,-0.592593
P 3
-0.419753,-0.685185,-0.592593
-0.228395,-0.864198,-0.438272
-0.5,-0.808642,-0.302469
P 3
-0.524691,0,-0.851852
-0.438272,-0.234568,-0.864198
-0.679012,-0.148148,-0.716049
P 3
-0.438272,-0.234568,-0.864198
-0.302469,-0.493827,-0.808642
-0.580247,-0.425926,-0.691358
P 3
-0.438272,-0.234568,-0.864198
-0.580247,-0.425926,-0.691358
-0.679012,-0.148148,-0.716049
P 3
-0.679012,-0.148148,-0.716049
-0.580247,-0.425926,-0.691358
-0.808642,-0.308642,-0.5
P 3
-0.302469,-0.493827,-0.808642
0,-0.518519,-0.851852
-0.141975,-0.709877,-0.685185
P 3
0,-0.518519,-0.851852
0.308642,-0.493827,-0.808642
0.148148,-0.709877,-0.685185
P 3
0,-0.518519,-0.851852
0.148148,-0.709877,-0.685185
-0.141975,-0.709877,-0.685185
P 3
-0.141975,-0.709877,-0.685185
0.148148,-0.709877,-0.685185
0,-0.851852,-0.524691
P 3
0,0,-1
0.160494,-0.259259,-0.950617
-0.154321,-0.259259,-0.950617
P 3
0.160494,-0.259259,-0.950617
0.308642,-0.493827,-0.808642
0,-0.518519,-0.851852
P 3
0.160494,-0.259259,-0.950617
0,-0.518519,-0.851852
-0.154321,-0.259259,-0.950617
P 3
-0.154321,-0.259259,-0.950617
0,-0.518519,-0.851852
-0.302469,-0.493827,-0.808642
P 3
0,0,-1
0.296296,0,-0.95679
0.160494,-0.259259,-0.950617
P 3
0.296296,0,-0.95679
0.530864,0,-0.845679
0.444444,-0.234568,-0.864198
P 3
0.296296,0,-0.95679
0.444444,-0.234568,-0.864198
0.160494,-0.259259,-0.950617
P 3
0.160494,-0.259259,-0.950617
0.444444,-0.234568,-0.864198
0.308642,-0.493827,-0.808642
P 3
-0.524691,0,-0.851852
-0.290123,0,-0.95679
-0.438272,-0.234568,-0.864198
P 3
-0.290123,0,-0.95679
0,0,-1
-0.154321,-0.259259,-0.950617
P 3
-0.290123,0,-0.95679
-0.154321,-0.259259,-0.950617
-0.438272,-0.234568,-0.864198
P 3
-0.438272,-0.234568,-0.864198
-0.154321,-0.259259,-0.950617
-0.302469,-0.493827,-0.808642
P 3
0.308642,-0.493827,-0.808642
0.425926,-0.685185,-0.58642
0.148148,-0.709877,-0.685185
P 3
0.425926,-0.685185,-0.58642
0.493827,-0.808642,-0.302469
0.234568,-0.864198,-0.438272
P 3
0.425926,-0.685185,-0.58642
0.234568,-0.864198,-0.438272
0.148148,-0.709877,-0.685185
P 3
0.148148,-0.709877,-0.685185
0.234568,-0.864198,-0.438272
0,-0.851852,-0.524691
P 3
0.808642,-0.308642,-0.493827
0.685185,-0.58642,-0.425926
0.58642,-0.419753,-0.685185
P 3
0.685185,-0.58642,-0.425926
0.493827,-0.808642,-0.302469
0.425926,-0.685185,-0.58642
P 3
0.685185,-0.58642,-0.425926
0.425926,-0.685185,-0.58642
0.58642,-0.419753,-0.685185
P 3
0.58642,-0.419753,-0.685185
0.425926,-0.685185,-0.58642
0.308642,-0.493827,-0.808642
P 3
0.808642,-0.308642,-0.493827
0.864198,-0.444444,-0.234568
0.685185,-0.58642,-0.425926
P 3
0.864198,-0.444444,-0.234568
0.845679,-0.524691,0
0.716049,-0.679012,-0.141975
P 3
0.864198,-0.444444,-0.234568
0.716049,-0.679012,-0.141975
0.685185,-0.58642,-0.425926
P 3
0.685185,-0.58642,-0.425926
0.716049,-0.679012,-0.141975
0.493827,-0.808642,-0.302469
P 3
0.530864,0,-0.845679
0.685185,-0.141975,-0.716049
0.444444,-0.234568,-0.864198
P 3
0.685185,-0.141975,-0.716049
0.808642,-0.308642,-0.493827
0.58642,-0.419753,-0.685185
P 3
0.685185,-0.141975,-0.716049
0.58642,-0.419753,-0.685185
0.444444,-0.234568,-0.864198
P 3
0.444444,-0.234568,-0.864198
0.58642,-0.419753,-0.685185
0.308642,-0.493827,-0.808642
P 3
0.808642,-0.308642,-0.493827
0.950617,-0.160494,-0.259259
0.864198,-0.444444,-0.234568
P 3
0.950617,-0.160494,-0.259259
1,0,0
0.95679,-0.290123,0
P 3
0.950617,-0.160494,-0.259259
0.95679,-0.290123,0
0.864198,-0.444444,-0.234568
P 3
0.864198,-0.444444,-0.234568
0.95679,-0.290123,0
0.845679,-0.524691,0
P 3
0.808642,0.302469,-0.5
0.950617,0.154321,-0.259259
0.851852,0,-0.524691
P 3
0.950617,0.154321,-0.259259
1,0,0
0.950617,-0.160494,-0.259259
P 3
0.950617,0.154321,-0.259259
0.950617,-0.160494,-0.259259
0.851852,0,-0.524691
P 3
0.851852,0,-0.524691
0.950617,-0.160494,-0.259259
0.808642,-0.308642,-0.493827
P 3
0.808642,0.302469,-0.5
0.864198,0.438272,-0.234568
0.950617,0.154321,-0.259259
P 3
0.864198,0.438272,-0.234568
0.851852,0.524691,0
0.95679,0.290123,0
P 3
0.864198,0.438272,-0.234568
0.95679,0.290123,0
0.950617,0.154321,-0.259259
P 3
0.950617,0.154321,-0.259259
0.95679,0.290123,0
1,0,0
P 3
0.530864,0,-0.845679
0.685185,0.141975,-0.716049
0.685185,-0.141975,-0.716049
P 3
0.685185,0.141975,-0.716049
0.808642,0.302469,-0.5
0.851852,0,-0.524691
P 3
0.685185,0.141975,-0.716049
0.851852,0,-0.524691
0.685185,-0.141975,-0.716049
P 3
0.685185,-0.141975,-0.716049
0.851852,0,-0.524691
0.808642,-0.308642,-0.493827
P 3
1,0,0
0.950617,-0.160494,0.259259
0.95679,-0.290123,0
P 3
0.950617,-0.160494,0.259259
0.808642,-0.308642,0.493827
0.864198,-0.438272,0.234568
P 3
0.950617,-0.160494,0.259259
0.864198,-0.438272,0.234568
0.95679,-0.290123,0
P 3
0.95679,-0.290123,0
0.864198,-0.438272,0.234568
0.845679,-0.524691,0
P 3
0.814815,0.302469,0.493827
0.851852,0,0.518519
0.950617,0.154321,0.259259
P 3
0.851852,0,0.518519
0.808642,-0.308642,0.493827
0.950617,-0.160494,0.259259
P 3
0.851852,0,0.518519
0.950617,-0.160494,0.259259
0.950617,0.154321,0.259259
P 3
0.950617,0.154321,0.259259
0.950617,-0.160494,0.259259
1,0,0
P 3
0.814815,0.302469,0.493827
0.685185,0.141975,0.709877
0.851852,0,0.518519
P 3
0.685185,0.141975,0.709877
0.524691,0,0.845679
0.679012,-0.141975,0.716049
P 3
0.685185,0.141975,0.709877
0.679012,-0.141975,0.716049
0.851852,0,0.518519
P 3
0.851852,0,0.518519
0.679012,-0.141975,0.716049
0.808642,-0.308642,0.493827
P 3
0.851852,0.524691,0
0.864198,0.438272,0.234568
0.95679,0.290123,0
P 3
0.864198,0.438272,0.234568
0.814815,0.302469,0.493827
0.950617,0.154321,0.259259
P 3
0.864198,0.438272,0.234568
0.950617,0.154321,0.259259
0.95679,0.290123,0
P 3
0.95679,0.290123,0
0.950617,0.154321,0.259259
1,0,0
P 3
0.814815,0.302469,0.493827
0.592593,0.419753,0.685185
0.685185,0.141975,0.709877
P 3
0.592593,0.419753,0.685185
0.308642,0.5,0.808642
0.444444,0.234568,0.864198
P 3
0.592593,0.419753,0.685185
0.444444,0.234568,0.864198
0.685185,0.141975,0.709877
P 3
0.685185,0.141975,0.709877
0.444444,0.234568,0.864198
0.524691,0,0.845679
P 3
0.506173,0.802469,0.308642
0.425926,0.685185,0.58642
0.691358,0.58642,0.419753
P 3
0.425926,0.685185,0.58642
0.308642,0.5,0.808642
0.592593,0.419753,0.685185
P 3
0.425926,0.685185,0.58642
0.592593,0.419753,0.685185
0.691358,0.58642,0.419753
P 3
0.691358,0.58642,0.419753
0.592593,0.419753,0.685185
0.814815,0.302469,0.493827
P 3
0.506173,0.802469,0.308642
0.240741,0.858025,0.444444
0.425926,0.685185,0.58642
P 3
0.240741,0.858025,0.444444
0,0.845679,0.530864
0.148148,0.716049,0.685185
P 3
0.240741,0.858025,0.444444
0.148148,0.716049,0.685185
0.425926,0.685185,0.58642
P 3
0.425926,0.685185,0.58642
0.148148,0.716049,0.685185
0.308642,0.5,0.808642
P 3
0.851852,0.524691,0
0.716049,0.679012,0.148148
0.864198,0.438272,0.234568
P 3
0.716049,0.679012,0.148148
0.506173,0.802469,0.308642
0.691358,0.58642,0.419753
P 3
0.716049,0.679012,0.148148
0.691358,0.58642,0.419753
0.864198,0.438272,0.234568
P 3
0.864198,0.438272,0.234568
0.691358,0.58642,0.419753
0.814815,0.302469,0.493827
P 3
0.308642,0.5,0.808642
0.160494,0.259259,0.950617
0.444444,0.234568,0.864198
P 3
0.160494,0.259259,0.950617
0,0,1
0.296296,0,0.95679
P 3
0.160494,0.259259,0.950617
0.296296,0,0.95679
0.444444,0.234568,0.864198
P 3
0.444444,0.234568,0.864198
0.296296,0,0.95679
0.524691,0,0.845679
P 3
-0.302469,0.5,0.808642
-0.154321,0.259259,0.950617
0,0.524691,0.851852
P 3
-0.154321,0.259259,0.950617
0,0,1
0.160494,0.259259,0.950617
P 3
-0.154321,0.259259,0.950617
0.160494,0.259259,0.950617
0,0.524691,0.851852
P 3
0,0.524691,0.851852
0.160494,0.259259,0.950617
0.308642,0.5,0.808642
P 3
-0.302469,0.5,0.808642
-0.438272,0.234568,0.864198
-0.154321,0.259259,0.950617
P 3
-0.438272,0.234568,0.864198
-0.524691,0,0.851852
-0.290123,0,0.95679
P 3
-0.438272,0.234568,0.864198
-0.290123,0,0.95679
-0.154321,0.259259,0.950617
P 3
-0.154321,0.259259,0.950617
-0.290123,0,0.95679
0,0,1
P 3
0,0.845679,0.530864
-0.141975,0.716049,0.685185
0.148148,0.716049,0.685185
P 3
-0.141975,0.716049,0.685185
-0.302469,0.5,0.808642
0,0.524691,0.851852
P 3
-0.141975,0.716049,0.685185
0,0.524691,0.851852
0.148148,0.716049,0.685185
P 3
0.148148,0.716049,0.685185
0,0.524691,0.851852
0.308642,0.5,0.808642
P 3
-0.302469,0.5,0.808642
-0.580247,0.425926,0.685185
-0.438272,0.234568,0.864198
P 3
-0.580247,0.425926,0.685185
-0.808642,0.302469,0.493827
-0.685185,0.141975,0.709877
P 3
-0.580247,0.425926,0.685185
-0.685185,0.141975,0.709877
-0.438272,0.234568,0.864198
P 3
-0.438272,0.234568,0.864198
-0.685185,0.141975,0.709877
-0.524691,0,0.851852
P 3
-0.493827,0.814815,0.308642
-0.685185,0.592593,0.425926
-0.419753,0.691358,0.58642
P 3
-0.685185,0.592593,0.425926
-0.808642,0.302469,0.493827
-0.580247,0.425926,0.685185
P 3
-0.685185,0.592593,0.425926
-0.580247,0.425926,0.685185
-0.419753,0.691358,0.58642
P 3
-0.419753,0.691358,0.58642
-0.580247,0.425926,0.685185
-0.302469,0.5,0.808642
P 3
-0.493827,0.814815,0.308642
-0.709877,0.685185,0.148148
-0.685185,0.592593,0.425926
P 3
-0.709877,0.685185,0.148148
-0.851852,0.524691,0
-0.864198,0.438272,0.234568
P 3
-0.709877,0.685185,0.148148
-0.864198,0.438272,0.234568
-0.685185,0.592593,0.425926
P 3
-0.685185,0.592593,0.425926
-0.864198,0.438272,0.234568
-0.808642,0.302469,0.493827
P 3
0,0.845679,0.530864
-0.228395,0.864198,0.444444
-0.141975,0.716049,0.685185
P 3
-0.228395,0.864198,0.444444
-0.493827,0.814815,0.308642
-0.419753,0.691358,0.58642
P 3
-0.228395,0.864198,0.444444
-0.419753,0.691358,0.58642
-0.141975,0.716049,0.685185
P 3
-0.141975,0.716049,0.685185
-0.419753,0.691358,0.58642
-0.302469,0.5,0.808642
P 3
-0.808642,0.302469,0.493827
-0.851852,0,0.524691
-0.685185,0.141975,0.709877
P 3
-0.851852,0,0.524691
-0.802469,-0.308642,0.5
-0.679012,-0.141975,0.716049
P 3
-0.851852,0,0.524691
-0.679012,-0.141975,0.716049
-0.685185,0.141975,0.709877
P 3
-0.685185,0.141975,0.709877
-0.679012,-0.141975,0.716049
-0.524691,0,0.851852
P 3
-1,0,0
-0.950617,-0.160494,0.259259
-0.950617,0.154321,0.259259
P 3
-0.950617,-0.160494,0.259259
-0.802469,-0.308642,0.5
-0.851852,0,0.524691
P 3
-0.950617,-0.160494,0.259259
-0.851852,0,0.524691
-0.950617,0.154321,0.259259
P 3
-0.950617,0.154321,0.259259
-0.851852,0,0.524691
-0.808642,0.302469,0.493827
P 3
-1,0,0
-0.95679,-0.296296,0
-0.950617,-0.160494,0.259259
P 3
-0.95679,-0.296296,0
-0.845679,-0.524691,0
-0.864198,-0.444444,0.234568
P 3
-0.95679,-0.296296,0
-0.864198,-0.444444,0.234568
-0.950617,-0.160494,0.259259
P 3
-0.950617,-0.160494,0.259259
-0.864198,-0.444444,0.234568
-0.802469,-0.308642,0.5
P 3
-0.851852,0.524691,0
-0.95679,0.290123,0
-0.864198,0.438272,0.234568
P 3
-0.95679,0.290123,0
-1,0,0
-0.950617,0.154321,0.259259
P 3
-0.95679,0.290123,0
-0.950617,0.154321,0.259259
-0.864198,0.438272,0.234568
P 3
-0.864198,0.438272,0.234568
-0.950617,0.154321,0.259259
-0.808642,0.302469,0.493827
P 3
-0.302469,-0.493827,0.808642
-0.41358,-0.685185,0.592593
-0.141975,-0.709877,0.685185
P 3
-0.41358,-0.685185,0.592593
-0.493827,-0.808642,0.308642
-0.234568,-0.858025,0.444444
P 3
-0.41358,-0.685185,0.592593
-0.234568,-0.858025,0.444444
-0.141975,-0.709877,0.685185
P 3
-0.141975,-0.709877,0.685185
-0.234568,-0.858025,0.444444
0,-0.845679,0.524691
P 3
-0.802469,-0.308642,0.5
-0.685185,-0.58642,0.425926
-0.58642,-0.419753,0.691358
P 3
-0.685185,-0.58642,0.425926
-0.493827,-0.808642,0.308642
-0.41358,-0.685185,0.592593
P 3
-0.685185,-0.58642,0.425926
-0.41358,-0.685185,0.592593
-0.58642,-0.419753,0.691358
P 3
-0.58642,-0.419753,0.691358
-0.41358,-0.685185,0.592593
-0.302469,-0.493827,0.808642
P 3
-0.802469,-0.308642,0.5
-0.864198,-0.444444,0.234568
-0.685185,-0.58642,0.425926
P 3
-0.864198,-0.444444,0.234568
-0.845679,-0.524691,0
-0.709877,-0.679012,0.148148
P 3
-0.864198,-0.444444,0.234568
-0.709877,-0.679012,0.148148
-0.685185,-0.58642,0.425926
P 3
-0.685185,-0.58642,0.425926
-0.709877,-0.679012,0.148148
-0.493827,-0.808642,0.308642
P 3
-0.524691,0,0.851852
-0.679012,-0.141975,0.716049
-0.438272,-0.234568,0.864198
P 3
-0.679012,-0.141975,0.716049
-0.802469,-0.308642,0.5
-0.58642,-0.419753,0.691358
P 3
-0.679012,-0.141975,0.716049
-0.58642,-0.419753,0.691358
-0.438272,-0.234568,0.864198
P 3
-0.438272,-0.234568,0.864198
-0.58642,-0.419753,0.691358
-0.302469,-0.493827,0.808642
P 3
-0.493827,-0.808642,0.308642
-0.259259,-0.950617,0.160494
-0.234568,-0.858025,0.444444
P 3
-0.259259,-0.950617,0.160494
0,-1,0
0,-0.950617,0.296296
P 3
-0.259259,-0.950617,0.160494
0,-0.950617,0.296296
-0.234568,-0.858025,0.444444
P 3
-0.234568,-0.858025,0.444444
0,-0.950617,0.296296
0,-0.845679,0.524691
P 3
-0.5,-0.808642,-0.302469
-0.259259,-0.950617,-0.154321
-0.524691,-0.851852,0
P 3
-0.259259,-0.950617,-0.154321
0,-1,0
-0.259259,-0.950617,0.160494
P 3
-0.259259,-0.950617,-0.154321
-0.259259,-0.950617,0.160494
-0.524691,-0.851852,0
P 3
-0.524691,-0.851852,0
-0.259259,-0.950617,0.160494
-0.493827,-0.808642,0.308642
P 3
-0.5,-0.808642,-0.302469
-0.228395,-0.864198,-0.438272
-0.259259,-0.950617,-0.154321
P 3
-0.228395,-0.864198,-0.438272
0,-0.851852,-0.524691
0,-0.95679,-0.290123
P 3
-0.228395,-0.864198,-0.438272
0,-0.95679,-0.290123
-0.259259,-0.950617,-0.154321
P 3
-0.259259,-0.950617,-0.154321
0,-0.95679,-0.290123
0,-1,0
P 3
-0.845679,-0.524691,0
-0.716049,-0.685185,-0.141975
-0.709877,-0.679012,0.148148
P 3
-0.716049,-0.685185,-0.141975
-0.5,-0.808642,-0.302469
-0.524691,-0.851852,0
P 3
-0.716049,-0.685185,-0.141975
-0.524691,-0.851852,0
-0.709877,-0.679012,0.148148
P 3
-0.709877,-0.679012,0.148148
-0.524691,-0.851852,0
-0.493827,-0.808642,0.308642
P 3
0,-1,0
0.259259,-0.950617,0.160494
0,-0.950617,0.296296
P 3
0.259259,-0.950617,0.160494
0.5,-0.802469,0.308642
0.240741,-0.858025,0.444444
P 3
0.259259,-0.950617,0.160494
0.240741,-0.858025,0.444444
0,-0.950617,0.296296
P 3
0,-0.950617,0.296296
0.240741,-0.858025,0.444444
0,-0.845679,0.524691
P 3
0.493827,-0.808642,-0.302469
0.518519,-0.851852,0
0.259259,-0.950617,-0.154321
P 3
0.518519,-0.851852,0
0.5,-0.802469,0.308642
0.259259,-0.950617,0.160494
P 3
0.518519,-0.851852,0
0.259259,-0.950617,0.160494
0.259259,-0.950617,-0.154321
P 3
0.259259,-0.950617,-0.154321
0.259259,-0.950617,0.160494
0,-1,0
P 3
0.493827,-0.808642,-0.302469
0.716049,-0.679012,-0.141975
0.518519,-0.851852,0
P 3
0.716049,-0.679012,-0.141975
0.845679,-0.524691,0
0.716049,-0.679012,0.141975
P 3
0.716049,-0.679012,-0.141975
0.716049,-0.679012,0.141975
0.518519,-0.851852,0
P 3
0.518519,-0.851852,0
0.716049,-0.679012,0.141975
0.5,-0.802469,0.308642
P 3
0,-0.851852,-0.524691
0.234568,-0.864198,-0.438272
0,-0.95679,-0.290123
P 3
0.234568,-0.864198,-0.438272
0.493827,-0.808642,-0.302469
0.259259,-0.950617,-0.154321
P 3
0.234568,-0.864198,-0.438272
0.259259,-0.950617,-0.154321
0,-0.95679,-0.290123
P 3
0,-0.95679,-0.290123
0.259259,-0.950617,-0.154321
0,-1,0
P 3
0.5,-0.802469,0.308642
0.425926,-0.685185,0.58642
0.240741,-0.858025,0.444444
P 3
0.425926,-0.685185,0.58642
0.308642,-0.493827,0.808642
0.148148,-0.709877,0.685185
P 3
0.425926,-0.685185,0.58642
0.148148,-0.709877,0.685185
0.240741,-0.858025,0.444444
P 3
0.240741,-0.858025,0.444444
0.148148,-0.709877,0.685185
0,-0.845679,0.524691
P 3
0.808642,-0.308642,0.493827
0.592593,-0.419753,0.685185
0.691358,-0.58642,0.419753
P 3
0.592593,-0.419753,0.685185
0.308642,-0.493827,0.808642
0.425926,-0.685185,0.58642
P 3
0.592593,-0.419753,0.685185
0.425926,-0.685185,0.58642
0.691358,-0.58642,0.419753
P 3
0.691358,-0.58642,0.419753
0.425926,-0.685185,0.58642
0.5,-0.802469,0.308642
P 3
0.808642,-0.308642,0.493827
0.679012,-0.141975,0.716049
0.592593,-0.419753,0.685185
P 3
0.679012,-0.141975,0.716049
0.524691,0,0.845679
0.444444,-0.234568,0.864198
P 3
0.679012,-0.141975,0.716049
0.444444,-0.234568,0.864198
0.592593,-0.419753,0.685185
P 3
0.592593,-0.419753,0.685185
0.444444,-0.234568,0.864198
0.308642,-0.493827,0.808642
P 3
0.845679,-0.524691,0
0.864198,-0.438272,0.234568
0.716049,-0.679012,0.141975
P 3
0.864198,-0.438272,0.234568
0.808642,-0.308642,0.493827
0.691358,-0.58642,0.419753
P 3
0.864198,-0.438272,0.234568
0.691358,-0.58642,0.419753
0.716049,-0.679012,0.141975
P 3
0.716049,-0.679012,0.141975
0.691358,-0.58642,0.419753
0.5,-0.802469,0.308642
P 3
0.308642,-0.493827,0.808642
0,-0.518519,0.851852
0.148148,-0.709877,0.685185
P 3
0,-0.518519,0.851852
-0.302469,-0.493827,0.808642
-0.141975,-0.709877,0.685185
P 3
0,-0.518519,0.851852
-0.141975,-0.709877,0.685185
0.148148,-0.709877,0.685185
P 3
0.148148,-0.709877,0.685185
-0.141975,-0.709877,0.685185
0,-0.845679,0.524691
P 3
0,0,1
-0.154321,-0.259259,0.950617
0.160494,-0.259259,0.950617
P 3
-0.154321,-0.259259,0.950617
-0.302469,-0.493827,0.808642
0,-0.518519,0.851852
P 3
-0.154321,-0.259259,0.950617
0,-0.518519,0.851852
0.160494,-0.259259,0.950617
P 3
0.160494,-0.259259,0.950617
0,-0.518519,0.851852
0.308642,-0.493827,0.808642
P 3
0,0,1
-0.290123,0,0.95679
-0.154321,-0.259259,0.950617
P 3
-0.290123,0,0.95679
-0.524691,0,0.851852
-0.438272,-0.234568,0.864198
P 3
-0.290123,0,0.95679
-0.438272,-0.234568,0.864198
-0.154321,-0.259259,0.950617
P 3
-0.154321,-0.259259,0.950617
-0.438272,-0.234568,0.864198
-0.302469,-0.493827,0.808642
P 3
0.524691,0,0.845679
0.296296,0,0.95679
0.444444,-0.234568,0.864198
P 3
0.296296,0,0.95679
0,0,1
0.160494,-0.259259,0.950617
P 3
0.296296,0,0.95679
0.160494,-0.259259,0.950617
0.444444,-0.234568,0.864198
P 3
0.444444,-0.234568,0.864198
0.160494,-0.259259,0.950617
0.308642,-0.493827,0.808642
